Webots Project File version R2023a
perspectives: 000000ff00000000fd0000000200000001000002dd000004f2fc0200000001fb0000001400540065007800740045006400690074006f00720000000016000004f20000004100ffffff0000000300000780000000cffc0100000001fb0000001a0043006f006e0073006f006c00650041006c006c0041006c006c03000000000000033000000780000000cf00000780000003ce00000001000000020000000100000008fc00000000
simulationViewPerspectives: 000000ff0000000100000002000001b9000002000100000002010000000100
sceneTreePerspectives: 000000ff000000010000000300000022000000c0000000fc0100000002010000000200
maximizedDockId: -1
centralWidgetVisible: 1
orthographicViewHeight: 1
textFiles: -1
consoles: Console:All:All
renderingDevicePerspectives: TIAGo Steel:camera;1;1.28148;0.000944733;0.00562227
renderingDevicePerspectives: TIAGo Steel:display;0;0.155556;0;0
